0 FILE generated_wizard - Main.ldr
0 Wizard Scene
0 Name: generated_wizard - Main.ldr
0 Author: OpenAI
0 !LDRAW_ORG Model
0 !LICENSE Redistributable under CCAL version 2.0 : see CAreadme.txt

1 0 0 0 0 1 0 0 0 1 0 0 0 1 generated_wizard - wizard.ldr

0 FILE generated_wizard - wizard.ldr
0 wizard
0 Name: generated_wizard - wizard.ldr
0 Author: OpenAI
0 !LDRAW_ORG Model
0 !LICENSE Redistributable under CCAL version 2.0 : see CAreadme.txt

1 72 0 12 0 1 0 0 0 1 0 0 0 1 3817.dat
1 72 0 12 0 1 0 0 0 1 0 0 0 1 3816.dat
1 72 0 0 0 1 0 0 0 1 0 0 0 1 3815.dat
1 72 0 -32 0 1 0 0 0 1 0 0 0 1 973pm1.dat
1 78 15.552 -23 0 0.9855 0 0.1699 -0.1699 0 0.9855 0 -1 0 3819.dat
1 78 -15.552 -23 0 0.9855 -0.0849 -0.1471 0.1699 0.4927 0.8534 0 -0.866 0.5 3818.dat
1 78 18.8001 -33.5897 -18.8839 0.9688 -0.2168 0.1201 0.0732 0.7135 0.6968 -0.2368 -0.6663 0.7071 3820.dat
1 78 -20.6292 -22.98 -21.2959 0.999 -0.002 -0.044 0.0132 0.9668 0.2551 0.042 -0.2554 0.9659 3820.dat
1 72 0 -34 0.1161 1 0 0 0 1 0 0 0 1 522.dat
1 71 0 -34 0.1161 1 0 0 0 1 0 0 0 1 10052.dat
1 78 0 -58 0.1161 1 0 0 0 1 0 0 0 1 3626cpm1.dat
1 71 0 -61 0.1161 1 0 0 0 1 0 0 0 1 6131.dat
1 70 -18.3124 -68.5321 -30.2131 0.9942 0.0512 0.0941 0.0516 -0.9987 -0.0025 0.0938 0.0074 -0.9956 63965.dat
